奶罩 0 0.0099999997764826 0.55500000715256 0 0.27147358208955 0.026000000536442
sex8 0 0.0099999997764826 0.1630000025034 0 0.22288835820896 0.028000000864267
5009 0 0.0099999997764826 0.089000001549721 0 0.47818509933775 0.028000000864267
米开朗基罗 0 0.018999999389052 0.068000003695488 0 0.36214271523179 0.0049999998882413
梯队 0 0.0099999997764826 0.061999998986721 0 0.27147358208955 0.013000000268221
成人片 2 0.0099999997764826 0.82700002193451 0 0.27147358208955 0.016000000759959
炮兵 0 0.0099999997764826 0.13199999928474 0 0.27147358208955 0.087999999523163
荣毅仁 0 0.0099999997764826 0.079999998211861 0 0.27147358208955 0.0080000003799796
皇家 0 0.0099999997764826 0.056000001728535 0 0.50529895522388 0.018999999389052
operator 0 0.0099999997764826 0.059000000357628 0 0.39834238410596 0.028000000864267
吞食天地 0 0.0070000002160668 0.061999998986721 0 0.65230728476821 0.0070000002160668
生殖器 2 0.0099999997764826 0.87800002098083 0 0.10871731343284 0.0089999996125698
乳头 0 0.0099999997764826 0.20700000226498 0 0.27147358208955 0.0089999996125698
流程 0 0.0099999997764826 0.071999996900558 0 0.27233462686567 0.014999999664724
漂亮 0 0.0099999997764826 0.090999998152256 0 0.29922582089552 0.016000000759959
技巧 0 0.0099999997764826 0.083999998867512 0 0.28490910447761 0.0099999997764826
很紧 0 0.0099999997764826 0.195999994874 0 0.21962149253731 0.014999999664724
精彩 0 0.0099999997764826 0.087999999523163 0 0.28171880597015 0.014000000432134
igxe 0 0.0099999997764826 0.20600000023842 0 0.22288835820896 0.028000000864267
